
0
15
O


28
40
1


43
46
3


38
27
4


38
27
5


43
46
5


38
27
2


43
46
4


38
27
3


43
46
7


38
27
0


43
46
6


38
27
1


43
46
9


43
46
8


11
30
U


0
6
M


51
50
]


0
3
2


47
50
]


10
28
R


1
1
3


1
1
2


1
1
1


1
1
0


1
1
7


47
51
5


1
1
6


1
1
5


1
1
4


1
1
9


1
1
8


3
17
5


26
24
4


26
24
5


26
24
6


26
24
7


26
24
0


26
24
1


26
24
2


26
24
3


26
24
8


26
24
9


0
8
R


1
16
:


40
43
+


1
1
f


1
1
g


1
1
d


1
1
e


1
1
b


1
1
c


1
1
a


1
1
n


1
1
o


39
44
]


1
1
l


1
1
m


1
1
j


1
1
k


0
13
A


1
1
h


1
1
i


1
1
w


8
21
9


1
1
v


8
21
8


1
1
u


1
1
t


1
1
s


1
1
r


1
1
q


1
1
p


6
19
U


8
21
0


8
21
3


8
21
2


8
21
5


1
1
z


8
21
4


1
1
y


8
21
7


1
1
x


8
21
6


24
27
1


24
27
0


24
27
3


13
32
D


24
27
2


3
2
4


24
27
5


3
2
3


24
27
4


3
2
2


24
27
7


3
2
1


24
27
6


3
2
0


24
27
9


13
32
N


24
27
8


0
2
8


0
2
9


43
48
1


0
2
4


0
2
5


0
2
6


0
2
7


0
2
3


0
11
S


48
46
5


48
46
4


20
34
P


48
46
7


48
46
6


48
46
1


48
46
0


48
46
3


48
46
2


48
46
9


48
46
8


0
10
[


47
49
8


47
49
9


25
37
]


51
49
0


51
49
1


51
49
2


51
49
3


51
49
4


47
49
6


51
49
5


47
49
7


10
25
2


49
50
]


6
18
O


23
35
M


9
23
R


4
2
2


25
27
6


22
21
1


4
2
3


25
27
7


22
21
0


4
2
0


22
21
3


4
2
1


22
21
2


4
2
6


22
21
5


4
2
7


22
21
4


46
49
8


4
2
4


46
49
9


4
2
5


46
49
6


46
49
7


46
49
4


4
2
8


46
49
5


4
2
9


46
49
2


46
49
3


46
49
0


25
27
8


46
49
1


25
27
9


40
44
]


31
42
M


42
45
P


25
38
5


43
49
0


0
14
D


39
43
+


26
37
]


10
26
1


10
24
9


10
24
8


29
41
L


10
24
3


40
39
3


40
39
2


0
12
J


8
22
1


40
39
1


40
39
0


10
24
7


15
33
R


10
24
6


7
20
O


10
24
5


40
39
5


10
24
4


24
37
]


40
39
4


19
33
L


2
5
9


2
5
8


2
5
3


2
5
2


2
5
1


2
5
0


29
41
R


2
5
7


2
5
6


35
36
E


2
5
5


2
5
4


28
39
9


28
39
8


28
39
3


28
39
2


48
50
]


28
39
0


0
7
N


28
39
7


28
39
6


28
39
5


28
39
4


0
52
;


0
1
w


0
1
v


0
1
u


0
1
t


0
1
s


0
1
r


0
1
q


0
1
p


0
1
z


0
1
y


0
1
x


0
1
f


0
1
g


0
1
d


0
1
e


0
1
b


0
1
c


0
1
a


0
1
n


0
1
o


0
1
l


0
1
m


0
1
j


0
1
k


0
9
B


0
1
h


0
1
i


0
4
1


30
33
B


25
24
4


25
24
0


25
24
1


25
24
2


25
24
3


11
29
H


12
31
U


18
33
V


43
47
2


38
37
]


17
5
5


17
5
4


17
5
1


17
5
0


3
5
9


17
5
3


14
18
I


3
5
8


17
5
2


3
5
7


3
5
6


46
50
]


32
33
D


23
36
I


47
46
4


47
46
3


0
5
0


47
46
2


47
46
1


47
46
0


10
27
0


27
37
]

0
53
,
