17
35
I
		
		
47
50
]
		
		
5
3
4
		
		
5
3
0
		
		
5
3
1
		
		
5
3
2
		
		
5
3
3
		
		
28
27
2
		
		
28
27
3
		
		
28
27
0
		
		
8
20
R
		
		
28
27
1
		
		
48
51
5
		
		
28
27
4
		
		
28
27
5
		
		
15
15
3
		
		
15
15
2
		
		
15
15
1
		
		
15
15
0
		
		
15
15
7
		
		
15
15
6
		
		
15
15
5
		
		
15
15
4
		
		
0
15
:
		
		
15
15
9
		
		
15
15
8
		
		
39
44
]
		
		
10
23
1
		
		
4
3
8
		
		
46
49
9
		
		
4
3
9
		
		
46
49
8
		
		
0
9
A
		
		
4
3
2
		
		
24
22
4
		
		
46
49
3
		
		
4
3
3
		
		
46
49
2
		
		
4
3
0
		
		
46
49
1
		
		
4
3
1
		
		
46
49
0
		
		
4
3
6
		
		
24
22
0
		
		
46
49
7
		
		
4
3
7
		
		
24
22
1
		
		
46
49
6
		
		
4
3
4
		
		
24
22
2
		
		
46
49
5
		
		
4
3
5
		
		
24
22
3
		
		
46
49
4
		
		
15
15
f
		
		
15
15
g
		
		
15
15
d
		
		
13
31
O
		
		
15
15
e
		
		
15
15
b
		
		
15
15
c
		
		
15
15
a
		
		
0
14
J
		
		
15
15
n
		
		
26
39
1
		
		
15
15
o
		
		
15
15
l
		
		
15
15
m
		
		
15
15
j
		
		
15
15
k
		
		
51
50
]
		
		
15
15
h
		
		
15
15
i
		
		
15
15
w
		
		
37
25
2
		
		
15
15
v
		
		
37
25
3
		
		
15
15
u
		
		
37
25
0
		
		
15
15
t
		
		
37
25
1
		
		
15
15
s
		
		
48
50
]
		
		
15
15
r
		
		
15
15
q
		
		
37
25
4
		
		
15
15
p
		
		
37
25
5
		
		
15
15
z
		
		
15
15
y
		
		
15
15
x
		
		
22
25
9
		
		
22
25
8
		
		
0
8
O
		
		
22
25
5
		
		
16
20
V
		
		
43
49
0
		
		
22
25
4
		
		
22
25
7
		
		
22
25
6
		
		
22
25
1
		
		
22
25
0
		
		
22
25
3
		
		
22
25
2
		
		
30
20
B
		
		
1
16
I
		
		
0
2
B
		
		
0
13
N
		
		
24
37
5
		
		
42
45
P
		
		
0
6
0
		
		
19
20
L
		
		
12
29
H
		
		
23
36
]
		
		
14
32
U
		
		
18
6
3
		
		
18
6
2
		
		
18
6
1
		
		
18
6
0
		
		
18
6
5
		
		
18
6
4
		
		
43
46
3
		
		
43
46
5
		
		
24
25
6
		
		
38
43
+
		
		
43
46
4
		
		
24
25
7
		
		
43
46
7
		
		
43
46
6
		
		
43
46
9
		
		
43
46
8
		
		
0
10
[
		
		
24
25
8
		
		
24
25
9
		
		
0
1
D
		
		
47
46
2
		
		
47
46
3
		
		
47
46
0
		
		
32
42
M
		
		
47
46
1
		
		
47
46
6
		
		
47
46
7
		
		
47
46
4
		
		
47
46
5
		
		
51
49
4
		
		
47
46
8
		
		
51
49
5
		
		
47
46
9
		
		
51
49
2
		
		
51
49
3
		
		
51
49
0
		
		
51
49
1
		
		
48
49
6
		
		
48
49
7
		
		
17
34
M
		
		
12
30
U
		
		
48
49
8
		
		
48
49
9
		
		
29
40
L
		
		
24
36
]
		
		
46
50
]
		
		
29
40
R
		
		
11
28
1
		
		
5
6
9
		
		
5
6
8
		
		
39
43
+
		
		
5
6
7
		
		
5
6
6
		
		
34
35
E
		
		
11
27
9
		
		
3
6
8
		
		
49
50
]
		
		
11
27
8
		
		
3
6
9
		
		
22
36
]
		
		
21
20
D
		
		
11
27
3
		
		
3
6
2
		
		
11
27
2
		
		
3
6
3
		
		
3
6
0
		
		
11
27
0
		
		
3
6
1
		
		
11
27
7
		
		
3
6
6
		
		
31
41
P
		
		
11
27
6
		
		
3
6
7
		
		
11
27
5
		
		
3
6
4
		
		
11
27
4
		
		
3
6
5
		
		
10
25
0
		
		
0
12
S
		
		
48
46
4
		
		
48
46
0
		
		
48
46
1
		
		
48
46
2
		
		
48
46
3
		
		
15
33
:
		
		
7
16
O
		
		
39
38
4
		
		
39
38
5
		
		
2
17
R
		
		
39
38
2
		
		
39
38
3
		
		
39
38
0
		
		
39
38
1
		
		
23
22
8
		
		
10
26
R
		
		
5
18
5
		
		
23
22
9
		
		
7
19
U
		
		
23
22
0
		
		
23
22
1
		
		
23
22
2
		
		
23
22
3
		
		
37
36
]
		
		
23
22
4
		
		
43
48
2
		
		
23
22
5
		
		
23
22
6
		
		
23
22
7
		
		
10
24
2
		
		
0
4
1
		
		
0
11
R
		
		
26
38
5
		
		
26
38
4
		
		
0
5
2
		
		
26
38
7
		
		
26
38
6
		
		
26
38
0
		
		
26
38
3
		
		
26
38
2
		
		
26
38
9
		
		
26
38
8
		
		
0
3
4
		
		
0
3
5
		
		
43
47
1
		
		
0
3
6
		
		
0
3
7
		
		
10
22
9
		
		
10
22
8
		
		
0
3
3
		
		
10
22
5
		
		
10
22
4
		
		
10
22
7
		
		
10
22
6
		
		
0
3
8
		
		
0
3
9
		
		
10
22
3
		
		
25
36
]
		
		
38
44
]
		
		
9
21
D
		
		
0
7
M
		
		
9
21
N


0
52
;
