		
0
7
N
		
		
6
25
O
		
		
30
12
4
		
		
30
12
5
		
		
27
18
T
		
		
38
40
]
		
		
30
12
0
		
		
30
12
1
		
		
30
12
2
		
		
30
12
3
		
		
4
12
2
		
		
2
18
N
		
		
4
12
3
		
		
4
12
0
		
		
1
17
R
		
		
4
12
1
		
		
4
12
6
		
		
4
12
7
		
		
4
12
4
		
		
4
12
5
		
		
4
12
8
		
		
4
12
9
		
		
0
3
[
		
		
3
20
1
		
		
3
21
2
		
		
19
36
]
		
		
17
35
M
		
		
11
30
5
		
		
0
13
R
		
		
39
40
]
		
		
11
4
4
		
		
11
4
2
		
		
11
4
3
		
		
11
4
0
		
		
11
4
1
		
		
37
22
1
		
		
37
22
0
		
		
37
22
3
		
		
37
22
2
		
		
0
16
S
		
		
24
18
L
		
		
37
22
5
		
		
37
22
4
		
		
0
2
I
		
		
20
19
4
		
		
21
19
2
		
		
20
19
5
		
		
21
19
3
		
		
20
19
6
		
		
21
19
0
		
		
20
19
7
		
		
10
29
U
		
		
21
19
1
		
		
20
19
0
		
		
20
19
1
		
		
20
19
2
		
		
21
19
4
		
		
20
19
3
		
		
39
38
0
		
		
39
38
1
		
		
7
26
O
		
		
39
38
2
		
		
39
38
3
		
		
39
38
4
		
		
20
19
8
		
		
39
38
5
		
		
20
19
9
		
		
11
12
7
		
		
3
19
4
		
		
11
12
6
		
		
3
19
5
		
		
3
19
6
		
		
0
9
A
		
		
3
19
7
		
		
26
18
P
		
		
0
5
1
		
		
0
15
D
		
		
3
19
3
		
		
20
36
]
		
		
13
32
1
		
		
3
19
8
		
		
3
19
9
		
		
11
12
9
		
		
11
12
8
		
		
21
36
]
		
		
3
23
R
		
		
37
36
]
		
		
25
18
V
		
		
16
34
H
		
		
23
39
1
		
		
0
1
B
		
		
0
10
J
		
		
0
4
8
		
		
0
4
9
		
		
13
31
8
		
		
17
18
I
		
		
13
31
9
		
		
0
4
4
		
		
0
6
M
		
		
13
31
6
		
		
28
18
D
		
		
0
4
5
		
		
13
31
7
		
		
0
4
6
		
		
13
31
4
		
		
0
4
7
		
		
8
18
R
		
		
13
31
5
		
		
0
14
,
		
		
13
31
2
		
		
13
31
3
		
		
13
31
0
		
		
0
4
3
		
		
21
22
6
		
		
21
22
7
		
		
21
22
8
		
		
21
22
9
		
		
3
22
0
		
		
0
12
0
		
		
33
18
B
		
		
8
27
U
		
		
34
18
L
		
		
0
8
O
		
		
29
26
M
		
		
21
37
5
		
		
23
38
5
		
		
5
4
8
		
		
23
38
4
		
		
5
4
9
		
		
34
18
R
		
		
23
38
7
		
		
32
31
5
		
		
23
38
6
		
		
32
31
4
		
		
32
31
3
		
		
23
38
0
		
		
32
31
2
		
		
23
38
3
		
		
32
31
1
		
		
23
38
2
		
		
32
31
0
		
		
5
4
0
		
		
5
4
1
		
		
5
4
2
		
		
5
4
3
		
		
6
24
U
		
		
23
38
9
		
		
5
4
4
		
		
23
38
8
		
		
5
4
5
		
		
5
4
6
		
		
5
4
7
		
		
15
25
I
		
		
9
28
D
		
		
16
33
U
		
		
22
36
]
		
		
9
28
N
		
		
35
18
E
		
		
19
22
1
		
		
19
22
0
		
		
19
22
3
		
		
19
22
2
		
		
19
22
5
		
		
19
22
4
		
		
19
22
7
		
		
19
22
6
		
		
19
22
9
		
		
19
22
8
		
		
0
11
2

0
41
;
		
